3
19
1
1
10
2
5
3
1
45
1
35
1
36
10
4
11
11
1
2
2
1
51
1
1
1
1
12
2
2
3
32
30
10
20
6
4
9
21
4
2
6
2
2
2
1
1
2
1
1
1
9
1
19
12
27
1
1
2
13
11
3
3
1
1
7
2
2
3
1
26
1
4
1
4
2
1
2
8
3
1
13
25
2
16
1
3
1
19
2
2
1
2
1
1
1
2
1
1
1
6
1
1
2
1
1
3
1
1
1
1
1
1
1
1
1
1
3
3
1
14
1
2
4
16
8
1
3
3
101
1
11
1
1
2
2
1
1
1
1
2
1
1
1
1
1
10
16
1
1
3
1
4
3
1
5
7
1
3
1
1
1
2
1
3
1
2
3
2
3
1
1
1
1
2
1
1
2
1
3
1
9
1
1
1
1
4
1
1
1
1
1
3
1
4
1
6
9
1
2
1
6
14
1
1
1
1
1
2
2
1
1
1
3
3
1
3
2
1
1
1
8
1
2
1
1
2
1
8
1
5
1
5
1
1
1
1
1
2
6
2
1
1
3
4
1
1
8
1
3
1
1
2
1
1
4
1
1
1
4
1
1
1
1
1
1
1
2
2
1
1
1
1
2
2
3
2
2
1
1
1
1
1
1
1
1
3
1
1
1
1
2
2
2
1
1
1
1
2
1
1
1
1
1
1
2
1
1
3
1
4
2
2
3
2
1
1
1
1
3
2
3
1
2
1
2
2
2
4
1
2
1
1
1
1
1
2
1
10
1
1
1
1
1
2
1
1
1
1
1
2
1
1
1
1
2
4
1
1
1
1
1
1
1
1
1
1
2
1
1
1
1
1
1
1
2
1
1
2
2
2
1
1
1
1
1
1
1
1
1
1
1
1
1
1
3
1
3
1
1
4
1
1
1
1
2
1
1
1
1
1
1
1
1
1
5
2
3
1
3
1
2
1
1
1
1
1
1
2
1
1
1
1
1
1
1
1
2
1
1
1
1
1
4
1
1
2
1
1
1
3
5
3
1
1
1
1
1
1
1
3
1
4
1
1
1
1
1
1
2
1
1
1
1
1
2
1
1
1
1
2
2
1
1
2
1
2
1
3
2
1
1
1
1
2
1
1
1
1
1
2
1
1
1
2
1
1
1
1
1
1
1
1
1
1
1
1
1
1
1
2
1
1
2
2
1
1
1
1
1
1
1
1
1
2
1
2
2
1
3
1
4
4
1
1
1
1
1
1
1
1
1
1
2
1
1
1
1
1
1
1
1
1
1
1
1
1
1
1
1
1
1
1
2
1
2
4
1
1
1
1
1
1
1
1
1
1
1
1
1
1
1
1
1
1
1
1
1
1
2
1
1
1
1
1
2
1
1
1
1
1
1
1
1
1
1
1
1
2
1
2
2
1
1
1
1
1
1
1
1
1
1
1
1
1
1
1
1
1
1
1
1
1
1
1
2
1
3
1
1
1
1
1
1
1
1
1
1
1
1
1
1
1
2
1
1
1
1
1
1
1
1
1
1
1
1
1
1
1
1
1
1
1
1
1
1
1
1
1
1
1
1
1
1
1
1
1
1
1
1
1
2
1
1
1
1
1
1
1
1
